[1, 2]
[1, 2, 3]
[1, 2, 3, 4]
[1, 2, 4]
[1, 2, 4, 7]
[1, 2, 7]
[1, 2, 7, 8]
[1, 2, 8]
[1, 3]
[1, 3, 4]
[1, 4]
[1, 4, 6]
[1, 4, 6, 7]
[1, 4, 7]
[1, 4, 10]
[1, 6]
[1, 6, 7]
[1, 6, 7, 11]
[1, 6, 11]
[1, 7]
[1, 7, 8]
[1, 7, 11]
[1, 8]
[1, 10]
[1, 10, 11]
[1, 11]
[2, 3]
[2, 3, 4]
[2, 4]
[2, 4, 7]
[2, 7]
[2, 7, 8]
[2, 8]
[3, 4]
[3, 4, 9]
[3, 9]
[4, 5]
[4, 5, 6]
[4, 5, 6, 7]
[4, 5, 7]
[4, 5, 10]
[4, 6]
[4, 6, 7]
[4, 7]
[4, 7, 9]
[4, 9]
[4, 10]
[5, 6]
[5, 6, 7]
[5, 7]
[5, 10]
[6, 7]
[6, 7, 11]
[6, 11]
[7, 8]
[7, 8, 9]
[7, 9]
[7, 11]
[8, 9]
[10, 11]
